696.0298
165.94576
-60.05275
-148.0897
200.08348
279.0744
256.91916
237.86807
22.902332
152.84955
-364.0947
638.1548
336.0603
110.94379
-611.10724
-191.1615
145.92224
-38.060604
-76.99078
-554.1633
120.93549
0.93785954
162.05856
152.06805
278.04758
409.98492
-145.004
424.03363
428.97354
89.968216
167.97896
269.9718
-14.025581
267.9559
-235.10664
243.07301
-382.17694
-38.097584
184.96663
832.19244
-387.18164
-106.170166
375.07162
-413.16132
-183.99608
175.03864
25.956524
259.04968
274.0419
412.01852
558.0212
-140.02216
218.90147
-424.04797
-223.03325
-349.15344
215.99866
-304.09348
639.0554
196.0345
77.12276
246.98073
126.93699
-5.963773
-342.03998
162.0756
148.97578
-490.0789
-12.102253
771.1588
-57.990143
-145.16331
-34.078213
748.0719
367.92184
179.06593
933.08575
-155.1022
259.01544
80.0022
412.08505
-5.056588
157.02982
-152.95953
-114.03277
-323.1701
3.9550672
257.99783
97.97291
221.06615
303.01614
300.0012
87.881905
-237.10081
40.962967
163.00665
37.932076
118.02121
228.11963
228.93542