693.758
166.56583
-59.674202
-146.72943
201.56061
281.94238
254.18796
237.99345
28.270737
155.70468
-361.72794
643.0834
337.44955
112.26904
-611.13904
-196.46716
144.1394
-33.907177
-76.58889
-551.51605
122.718575
4.1007643
166.7843
153.88315
276.95618
407.026
-143.89815
426.69443
430.7385
90.15428
168.81319
272.29178
-10.939464
273.44827
-231.17078
243.9848
-385.0016
-36.609222
187.01884
837.2193
-389.36972
-101.79876
376.94324
-405.29968
-183.3091
175.68492
29.271204
261.0207
277.43915
416.29788
559.3085
-141.90115
221.5167
-424.0629
-221.63618
-346.16455
218.30095
-302.2391
644.0285
199.16989
74.392
251.14758
127.3512
-3.3329377
-341.53015
162.68524
150.08693
-491.91937
-12.629147
774.6884
-61.21936
-142.03307
-34.896927
752.1106
365.8932
178.81201
915.3525
-155.0147
262.08148
79.95448
415.5751
-5.8455706
160.52957
-150.62993
-109.997375
-316.86075
6.6847124
260.40604
94.19821
221.85289
305.14117
301.57108
88.06031
-235.45451
45.612976
164.78241
38.689064
118.33253
228.34575
231.95169